time [ms];channel 1 [bar];channel 2 [bar]
0,0;-0,69;-0,66
1,0;-0,69;-0,66
2,0;-0,67;-0,65
3,0;-0,65;-0,64
4,0;-0,64;-0,64
5,0;-0,65;-0,64
6,0;-0,65;-0,64
7,0;-0,65;-0,64
8,0;-0,65;-0,64
9,0;-0,64;-0,63
10,0;-0,61;-0,63
11,0;-0,61;-0,63
12,0;-0,64;-0,63
13,0;-0,66;-0,65
14,0;-0,65;-0,65
15,0;-0,66;-0,64
16,0;-0,66;-0,64
17,0;-0,66;-0,64
18,0;-0,65;-0,64
19,0;-0,67;-0,65
20,0;-0,69;-0,67
21,0;-0,69;-0,66
22,0;-0,67;-0,65
23,0;-0,65;-0,64
24,0;-0,65;-0,64
25,0;-0,65;-0,64
26,0;-0,65;-0,64
27,0;-0,65;-0,64
28,0;-0,65;-0,64
29,0;-0,64;-0,63
30,0;-0,61;-0,61
31,0;-0,61;-0,60
32,0;-0,59;-0,55
33,0;-0,60;-0,52
34,0;-0,54;-0,49
35,0;-0,52;-0,52
36,0;-0,51;-0,46
37,0;-0,47;-0,46
38,0;-0,47;-0,44
39,0;-0,48;-0,41
40,0;-0,48;-0,42
41,0;-0,45;-0,39
42,0;-0,38;-0,35
43,0;-0,36;-0,31
44,0;-0,34;-0,32
45,0;-0,31;-0,29
46,0;-0,32;-0,22
47,0;-0,30;-0,23
48,0;-0,26;-0,22
49,0;-0,24;-0,23
50,0;-0,21;-0,20
51,0;-0,17;-0,19
52,0;-0,21;-0,19
53,0;-0,20;-0,20
54,0;-0,20;-0,19
55,0;-0,19;-0,17
56,0;-0,18;-0,16
57,0;-0,16;-0,15
58,0;-0,15;-0,14
59,0;-0,17;-0,14
60,0;-0,18;-0,16
61,0;-0,15;-0,14
62,0;-0,13;-0,12
63,0;-0,10;-0,10
64,0;-0,09;-0,09
65,0;-0,09;-0,08
66,0;-0,08;-0,07
67,0;-0,08;-0,07
68,0;-0,06;-0,06
69,0;-0,04;-0,04
70,0;-0,02;-0,03
71,0;-0,02;-0,03
72,0;-0,04;-0,03
73,0;-0,05;-0,04
74,0;-0,05;-0,04
75,0;-0,04;-0,03
76,0;-0,04;-0,03
77,0;-0,03;-0,03
78,0;-0,03;-0,02
79,0;-0,05;-0,03
80,0;-0,06;-0,04
81,0;-0,04;-0,02
82,0;-0,02;-0,01
83,0;-0,01;0,00
84,0;-0,01;0,00
85,0;0,00;0,00
86,0;-0,01;0,00
87,0;0,00;0,00
88,0;0,00;0,01
89,0;0,02;0,02
90,0;0,04;0,03
91,0;0,27;0,18
92,0;0,57;0,52
93,0;0,55;0,63
94,0;0,61;0,91
95,0;0,60;0,86
96,0;0,92;0,88
97,0;0,96;0,90
98,0;1,01;1,07
99,0;1,19;1,10
100,0;1,26;1,23
101,0;1,33;1,30
102,0;1,45;1,47
103,0;1,56;1,56
104,0;1,64;1,64
105,0;1,73;1,73
106,0;1,83;1,83
107,0;1,89;1,90
108,0;2,02;2,00
109,0;2,12;2,09
110,0;2,19;2,18
111,0;2,27;2,26
112,0;2,33;2,33
113,0;2,39;2,39
114,0;2,47;2,47
115,0;2,54;2,53
116,0;2,60;2,60
117,0;2,66;2,66
118,0;2,70;2,71
119,0;2,72;2,74
120,0;2,78;2,79
121,0;2,84;2,85
122,0;2,90;2,90
123,0;2,95;2,95
124,0;2,98;2,98
125,0;3,01;3,01
126,0;3,04;3,05
127,0;3,07;3,07
128,0;3,11;3,10
129,0;3,16;3,14
130,0;3,18;3,17
131,0;3,19;3,19
132,0;3,19;3,20
133,0;3,21;3,21
134,0;3,23;3,23
135,0;3,25;3,25
136,0;3,27;3,27
137,0;3,28;3,29
138,0;3,29;3,30
139,0;3,28;3,30
140,0;3,30;3,32
141,0;3,34;3,35
142,0;3,37;3,37
143,0;3,39;3,39
144,0;3,40;3,40
145,0;3,41;3,41
146,0;3,42;3,42
147,0;3,43;3,44
148,0;3,45;3,45
149,0;3,48;3,47
150,0;3,49;3,48
151,0;3,48;3,48
152,0;3,47;3,48
153,0;3,48;3,49
154,0;3,49;3,50
155,0;3,50;3,51
156,0;3,51;3,52
157,0;3,52;3,52
158,0;3,51;3,52
159,0;3,50;3,52
160,0;3,52;3,54
161,0;3,55;3,56
162,0;3,57;3,58
163,0;3,59;3,59
164,0;3,60;3,60
165,0;3,60;3,61
166,0;3,61;3,62
167,0;3,62;3,63
168,0;3,64;3,64
169,0;3,67;3,66
170,0;3,67;3,67
171,0;3,66;3,67
172,0;3,66;3,67
173,0;3,66;3,68
174,0;3,67;3,69
175,0;3,68;3,69
176,0;3,69;3,70
177,0;3,70;3,71
178,0;3,68;3,70
179,0;3,67;3,70
180,0;3,70;3,72
181,0;3,72;3,74
182,0;3,74;3,75
183,0;3,75;3,76
184,0;3,76;3,77
185,0;3,76;3,77
186,0;3,76;3,78
187,0;3,77;3,78
188,0;3,79;3,80
189,0;3,82;3,82
190,0;3,81;3,81
191,0;3,80;3,81
192,0;3,79;3,81
193,0;3,80;3,81
194,0;3,80;3,82
195,0;3,81;3,82
196,0;3,82;3,83
197,0;3,82;3,83
198,0;3,79;3,82
199,0;3,79;3,82
200,0;3,82;3,84
201,0;3,84;3,86
202,0;3,85;3,86
203,0;3,86;3,87
204,0;3,86;3,87
205,0;3,86;3,87
206,0;3,86;3,88
207,0;3,87;3,88
208,0;3,89;3,90
209,0;3,91;3,91
210,0;3,91;3,91
211,0;3,89;3,90
212,0;3,88;3,90
213,0;3,88;3,90
214,0;3,89;3,91
215,0;3,90;3,91
216,0;3,90;3,91
217,0;3,89;3,91
218,0;3,87;3,90
219,0;3,87;3,90
220,0;3,90;3,92
221,0;3,92;3,93
222,0;3,93;3,94
223,0;3,93;3,94
224,0;3,93;3,95
225,0;3,93;3,95
226,0;3,93;3,95
227,0;3,94;3,95
228,0;3,96;3,97
229,0;3,98;3,98
230,0;3,96;3,97
231,0;3,95;3,96
232,0;3,94;3,96
233,0;3,94;3,96
234,0;3,95;3,96
235,0;3,95;3,97
236,0;3,95;3,97
237,0;3,94;3,96
238,0;3,92;3,95
239,0;3,92;3,95
240,0;3,95;3,97
241,0;3,96;3,98
242,0;3,98;3,99
243,0;3,97;3,99
244,0;3,97;3,99
245,0;3,98;3,99
246,0;3,98;4,00
247,0;3,98;4,00
248,0;4,01;4,02
249,0;4,01;4,02
250,0;4,00;4,01
251,0;3,98;4,00
252,0;3,98;4,00
253,0;3,98;4,00
254,0;3,99;4,01
255,0;3,99;4,01
256,0;3,99;4,01
257,0;3,98;4,00
258,0;3,95;3,99
259,0;3,97;4,00
260,0;3,99;4,01
261,0;4,00;4,02
262,0;4,01;4,03
263,0;4,01;4,03
264,0;4,01;4,03
265,0;4,01;4,03
266,0;4,01;4,03
267,0;4,02;4,03
268,0;4,04;4,05
269,0;4,05;4,05
270,0;4,03;4,04
271,0;4,01;4,03
272,0;4,01;4,03
273,0;4,01;4,03
274,0;4,01;4,04
275,0;4,01;4,04
276,0;4,01;4,04
277,0;4,00;4,02
278,0;3,98;4,01
279,0;4,00;4,03
280,0;4,02;4,04
281,0;4,03;4,05
282,0;4,03;4,05
283,0;4,03;4,05
284,0;4,03;4,05
285,0;4,03;4,05
286,0;4,03;4,05
287,0;4,04;4,06
288,0;4,07;4,07
289,0;4,06;4,07
290,0;4,04;4,06
291,0;4,03;4,05
292,0;4,03;4,05
293,0;4,03;4,05
294,0;4,03;4,05
295,0;4,03;4,05
296,0;4,03;4,05
297,0;4,00;4,03
298,0;3,99;4,03
299,0;4,01;4,04
300,0;4,03;4,06
301,0;4,04;4,06
302,0;4,04;4,06
303,0;4,04;4,06
304,0;4,04;4,06
305,0;4,04;4,06
306,0;4,04;4,06
307,0;4,06;4,07
308,0;4,08;4,08
309,0;4,06;4,08
310,0;4,04;4,06
311,0;4,03;4,05
312,0;4,03;4,05
313,0;4,03;4,06
314,0;4,03;4,06
315,0;4,03;4,06
316,0;4,03;4,05
317,0;4,00;4,04
318,0;4,00;4,03
319,0;4,02;4,05
320,0;4,04;4,06
321,0;4,04;4,06
322,0;4,04;4,06
323,0;4,04;4,06
324,0;4,04;4,06
325,0;4,04;4,06
326,0;4,04;4,06
327,0;4,06;4,07
328,0;4,07;4,08
329,0;4,06;4,07
330,0;4,04;4,06
331,0;4,03;4,05
332,0;4,03;4,05
333,0;4,03;4,05
334,0;4,03;4,06
335,0;4,03;4,05
336,0;4,02;4,05
337,0;3,99;4,03
338,0;4,00;4,03
339,0;4,02;4,05
340,0;4,03;4,05
341,0;4,04;4,06
342,0;4,04;4,06
343,0;4,03;4,05
344,0;4,03;4,05
345,0;4,03;4,05
346,0;4,04;4,06
347,0;4,06;4,07
348,0;4,07;4,07
349,0;4,05;4,06
350,0;4,03;4,05
351,0;4,02;4,04
352,0;4,02;4,04
353,0;4,02;4,05
354,0;4,02;4,04
355,0;4,02;4,04
356,0;4,01;4,03
357,0;3,98;4,02
358,0;3,99;4,02
359,0;4,01;4,04
360,0;4,02;4,04
361,0;4,03;4,05
362,0;4,02;4,04
363,0;4,02;4,04
364,0;4,02;4,04
365,0;4,02;4,04
366,0;4,02;4,04
367,0;4,04;4,06
368,0;4,05;4,06
369,0;4,03;4,04
370,0;4,01;4,03
371,0;4,00;4,03
372,0;4,01;4,03
373,0;4,01;4,03
374,0;4,01;4,03
375,0;4,00;4,03
376,0;3,99;4,02
377,0;3,96;4,00
378,0;3,97;4,01
379,0;4,00;4,02
380,0;4,00;4,03
381,0;4,01;4,03
382,0;4,01;4,03
383,0;4,00;4,03
384,0;4,00;4,02
385,0;4,00;4,02
386,0;4,01;4,03
387,0;4,04;4,05
388,0;4,03;4,04
389,0;4,01;4,03
390,0;3,99;4,02
391,0;3,99;4,02
392,0;3,99;4,02
393,0;3,99;4,02
394,0;3,99;4,02
395,0;3,99;4,01
396,0;3,97;4,00
397,0;3,95;3,99
398,0;3,96;4,00
399,0;3,98;4,01
400,0;3,99;4,02
401,0;4,00;4,02
402,0;3,99;4,02
403,0;3,99;4,01
404,0;3,99;4,01
405,0;3,99;4,01
406,0;4,00;4,02
407,0;4,02;4,03
408,0;4,01;4,02
409,0;3,99;4,01
410,0;3,98;4,00
411,0;3,97;4,00
412,0;3,98;4,00
413,0;3,97;4,00
414,0;3,97;4,00
415,0;3,97;3,99
416,0;3,94;3,98
417,0;3,93;3,97
418,0;3,95;3,98
419,0;3,96;3,99
420,0;3,97;4,00
421,0;3,97;3,99
422,0;3,97;3,99
423,0;3,97;3,99
424,0;3,97;3,99
425,0;3,97;3,99
426,0;3,98;4,00
427,0;4,00;4,01
428,0;3,98;4,00
429,0;3,96;3,98
430,0;3,95;3,98
431,0;3,95;3,97
432,0;3,95;3,97
433,0;3,95;3,97
434,0;3,94;3,97
435,0;3,94;3,96
436,0;3,91;3,95
437,0;3,90;3,94
438,0;3,92;3,95
439,0;3,94;3,96
440,0;3,94;3,96
441,0;3,94;3,96
442,0;3,94;3,96
443,0;3,93;3,96
444,0;3,93;3,96
445,0;3,94;3,96
446,0;3,95;3,97
447,0;3,96;3,97
448,0;3,94;3,96
449,0;3,92;3,95
450,0;3,91;3,94
451,0;3,91;3,94
452,0;3,91;3,94
453,0;3,91;3,94
454,0;3,91;3,93
455,0;3,90;3,92
456,0;3,87;3,91
457,0;3,86;3,90
458,0;3,88;3,91
459,0;3,90;3,92
460,0;3,90;3,92
461,0;3,90;3,92
462,0;3,90;3,92
463,0;3,89;3,92
464,0;3,89;3,91
465,0;3,89;3,92
466,0;3,92;3,93
467,0;3,92;3,93
468,0;3,90;3,91
469,0;3,88;3,90
470,0;3,87;3,89
471,0;3,87;3,89
472,0;3,87;3,89
473,0;3,86;3,89
474,0;3,86;3,88
475,0;3,85;3,88
476,0;3,82;3,86
477,0;3,82;3,86
478,0;3,84;3,87
479,0;3,85;3,88
480,0;3,86;3,88
481,0;3,85;3,87
482,0;3,85;3,87
483,0;3,85;3,87
484,0;3,84;3,86
485,0;3,85;3,87
486,0;3,87;3,88
487,0;3,87;3,88
488,0;3,85;3,86
489,0;3,83;3,85
490,0;3,82;3,84
491,0;3,82;3,84
492,0;3,82;3,84
493,0;3,81;3,84
494,0;3,81;3,84
495,0;3,79;3,82
496,0;3,77;3,81
497,0;3,78;3,81
498,0;3,80;3,83

